1000 0.241
2000 0.405
3000 0.569
4000 0.669
5000 0.547
6000 0.588
7000 0.822
8000 1.023
9000 0.864
10000 0.934
11000 1.625
12000 1.749
13000 1.361
14000 1.61
15000 1.865
16000 2.292
17000 2.25
18000 3.003
19000 2.43
20000 2.643
21000 2.384
22000 2.438
23000 2.581
24000 3.498
25000 2.775
26000 3.222
27000 3.377
28000 3.249
29000 3.622
30000 4.315
31000 3.407
32000 3.844
33000 3.676
34000 3.895
35000 4.66
36000 4.295
37000 6.889
38000 5.488
39000 5.354
40000 5.209
41000 4.487
42000 4.928
43000 5.131
44000 5.326
45000 5.932
46000 6.112
47000 5.088
48000 5.978
49000 5.804
50000 5.454
