1000 0.114
2000 0.152
3000 0.263
4000 0.29
5000 0.35
6000 0.478
7000 0.553
8000 0.55
9000 0.977
10000 1.089
11000 0.844
12000 1.258
13000 0.924
14000 1.472
15000 1.893
16000 2.356
17000 3.316
18000 2.402
19000 1.281
20000 1.537
21000 1.731
22000 1.613
23000 3.926
24000 4.391
25000 5.543
26000 2.521
27000 5.256
28000 3.665
29000 2.384
30000 4.716
31000 5.162
32000 11.222
33000 4.747
34000 2.581
35000 2.541
36000 3.023
37000 2.588
38000 2.648
39000 2.944
40000 3.055
41000 2.832
42000 6.416
43000 3.959
44000 3.615
45000 3.519
46000 3.824
47000 3.162
48000 3.289
49000 3.513
50000 3.624
