10000 57
20000 116
30000 169
40000 252
50000 281
60000 338
70000 397
80000 514
90000 511
100000 924
110000 635
120000 733
130000 792
140000 863
150000 899
160000 953
170000 1011
180000 1022
190000 1316
200000 1135
210000 1228
220000 1287
230000 1344
240000 1992
250000 1459
260000 1515
270000 1568
280000 2183
290000 1822
300000 2338
310000 2597
320000 1859
330000 1912
340000 1963
350000 2034
360000 2092
370000 2150
380000 2368
390000 2266
400000 2368
410000 2629
420000 2458
430000 2573
440000 2616
450000 2616
460000 4244
470000 2719
480000 3129
490000 3088
500000 3055
