10000 89
20000 315
30000 183
40000 234
50000 362
60000 555
70000 737
80000 827
90000 1013
100000 893
110000 625
120000 746
130000 782
140000 851
150000 897
160000 916
170000 1023
180000 1055
190000 1138
200000 1717
210000 1248
220000 1310
230000 1362
240000 1419
250000 1468
260000 1468
270000 1629
280000 1838
290000 1688
300000 1700
310000 1868
320000 1853
330000 1946
340000 1974
350000 2167
360000 2873
370000 2146
380000 2219
390000 2258
400000 2319
410000 2932
420000 2453
430000 2533
440000 2610
450000 2682
460000 2914
470000 2787
480000 4165
490000 4506
500000 3010
