10000 39
20000 77
30000 116
40000 154
50000 193
60000 232
70000 271
80000 361
90000 505
100000 388
110000 620
120000 467
130000 681
140000 737
150000 1038
160000 969
170000 698
180000 742
190000 797
200000 835
210000 839
220000 941
230000 923
240000 1071
250000 1356
260000 1322
270000 1080
280000 1167
290000 1170
300000 1200
310000 1242
320000 1345
330000 1319
340000 1458
350000 1400
360000 1435
370000 1476
380000 1538
390000 1552
400000 1650
410000 1628
420000 1672
430000 1729
440000 1999
450000 1806
460000 1863
470000 1887
480000 1924
490000 1941
500000 2021
