1000 10.289
2000 60.883
3000 127.982
4000 166.092
5000 262.428
6000 388.157
7000 513.301
8000 677.923
9000 861.588
10000 1074
11000 1436.54
12000 1779.71
13000 1882.61
14000 2239.72
15000 2429.51
16000 2764.07
17000 3130.47
18000 3507.48
19000 4031.47
20000 5227.86
21000 5201.58
22000 5501.27
23000 6002
24000 6605.39
25000 6978.41
26000 7497.92
27000 8121.51
28000 9463.07
29000 10594.2
30000 11190
31000 11256.9
32000 11208.4
33000 11901.6
34000 12658.2
35000 13397.5
36000 14207.6
37000 15023.3
38000 15824.2
39000 16763.1
40000 17624.7
41000 18425.2
42000 19249.1
43000 20428.7
44000 21317.4
45000 22082.4
46000 23653.1
47000 24203
48000 25187.1
49000 26389.3
50000 27346.2
