1000 1.217
2000 4.448
3000 9.084
4000 15.878
5000 25.044
6000 35.866
7000 48.481
8000 67.616
9000 81.863
10000 98.405
11000 131.119
12000 141.765
13000 170.131
14000 199.261
15000 223.021
16000 257.074
17000 288.376
18000 323.72
19000 359.76
20000 402.637
21000 446.046
22000 486.821
23000 537.091
24000 581.377
25000 640.09
26000 700.773
27000 720.757
28000 788.083
29000 838.005
30000 934.26
31000 953.899
32000 1016.31
33000 1100.53
34000 1165.26
35000 1418.38
36000 1293.58
37000 1637.82
38000 1667.12
39000 1628.01
40000 1647.44
41000 1735.34
42000 1778.78
43000 1892.49
44000 1930.48
45000 2018.6
46000 2100.76
47000 2250.64
48000 2301.66
49000 2577.12
50000 2962.53
