1000 0.446
2000 0.849
3000 1.131
4000 1.646
5000 2.38
6000 3.601
7000 3.486
8000 3.2
9000 3.533
10000 5.036
11000 5.063
12000 5.256
13000 7.071
14000 6.228
15000 7.059
16000 7.243
17000 8.475
18000 8.419
19000 10.991
20000 9.883
21000 10.24
22000 13.092
23000 14.354
24000 16.11
25000 15.242
26000 20.125
27000 20.578
28000 19.635
29000 21.181
30000 24.707
31000 31.305
32000 21.894
33000 18.378
34000 20.363
35000 21.973
36000 17.54
37000 18.121
38000 21.923
39000 20.596
40000 21.068
41000 20.98
42000 22.475
43000 21.808
44000 22.455
45000 22.874
46000 24.155
47000 24.35
48000 25.034
49000 26.4
50000 28.829
