1000 0.126
2000 0.215
3000 0.425
4000 0.465
5000 0.581
6000 0.789
7000 0.842
8000 1.062
9000 1.127
10000 1.295
11000 1.604
12000 1.618
13000 1.675
14000 1.823
15000 2.003
16000 2.156
17000 2.265
18000 2.38
19000 2.646
20000 2.73
21000 2.832
22000 2.954
23000 3.116
24000 3.64
25000 3.425
26000 3.611
27000 3.717
28000 4.161
29000 4.072
30000 4.258
31000 4.391
32000 4.99
33000 4.69
34000 4.823
35000 5.776
36000 5.191
37000 5.196
38000 5.681
39000 5.557
40000 6.255
41000 6.159
42000 6.046
43000 10.495
44000 10.513
45000 7.097
46000 10.327
47000 7.783
48000 7.077
49000 7.102
50000 7.494
