1000 0.215
2000 0.439
3000 0.696
4000 1.186
5000 1.51
6000 1.887
7000 2.106
8000 2.047
9000 2.337
10000 2.634
11000 2.875
12000 3.252
13000 3.576
14000 3.776
15000 4.102
16000 4.422
17000 4.684
18000 4.972
19000 5.3
20000 5.62
21000 5.95
22000 6.181
23000 6.521
24000 6.765
25000 7.133
26000 7.485
27000 7.806
28000 8.057
29000 8.636
30000 8.846
31000 9.234
32000 9.24
33000 9.712
34000 10.018
35000 10.208
36000 10.34
37000 10.846
38000 11.177
39000 11.472
40000 11.945
41000 12.35
42000 12.397
43000 12.701
44000 13.115
45000 13.35
46000 13.739
47000 13.963
48000 14.252
49000 14.618
50000 14.974
