1000 0.093
2000 0.185
3000 0.29
4000 0.385
5000 0.546
6000 0.604
7000 0.715
8000 0.828
9000 0.967
10000 1.153
11000 0.864
12000 0.872
13000 0.972
14000 1.094
15000 1.128
16000 1.217
17000 1.292
18000 1.359
19000 1.434
20000 1.501
21000 1.642
22000 1.874
23000 1.79
24000 1.885
25000 1.956
26000 2.045
27000 2.124
28000 2.287
29000 2.602
30000 3.253
31000 3.331
32000 3.178
33000 2.637
34000 2.806
35000 2.804
36000 2.897
37000 2.955
38000 3.013
39000 3.627
40000 3.268
41000 3.302
42000 3.462
43000 3.484
44000 3.586
45000 3.624
46000 3.729
47000 3.837
48000 4.144
49000 4.027
50000 4.119
